0 0.354575 0.893791 0.277778 0.153595
0 0.442810 0.872549 0.362745 0.196078
0 0.450980 0.805556 0.339869 0.140523
0 0.483660 0.764706 0.346405 0.130719
0 0.207516 0.674837 0.166667 0.186275
0 0.119281 0.571895 0.166667 0.163399
0 0.245098 0.491830 0.117647 0.225490
0 0.374183 0.606209 0.212418 0.212418
0 0.576797 0.642157 0.192810 0.238562
0 0.710784 0.741830 0.140523 0.124183
0 0.758170 0.651961 0.163399 0.147059
0 0.888889 0.792484 0.222222 0.251634
0 0.911765 0.645425 0.169935 0.166667
0 0.875817 0.516340 0.091503 0.215686
0 0.779412 0.544118 0.068627 0.147059
0 0.699346 0.441176 0.156863 0.300654
0 0.581699 0.450980 0.091503 0.235294
0 0.486928 0.434641 0.091503 0.202614
0 0.410131 0.415033 0.075163 0.235294
0 0.336601 0.424837 0.091503 0.215686
0 0.272876 0.372549 0.153595 0.261438
